47
5363164 738068911430649769 37376001186744472
1540698 621191457804693285 738275957695197521
968154 686264834785221082 791719304007110314
8162806 62723051128469937 712734745921135434
8387201 679060030016406637 8460073611572576
2057113 31628308888525766 351192570071014541
49342 258229280074873664 917869062680804275
5486120 890234529187194258 571202098858817174
6835634 696542940406695491 419690770593091562
9180140 893841001559743941 473009701149064657
9030156 826583629921583779 419620554035077700
3439275 669308743619714232 927152046156962062
5172596 45506768425888391 614594177182247806
9036709 465951224310372310 906506951807420590
2693993 225890059015728525 543042125708073506
4156521 805196416737816977 592239049764131811
8211334 539276392185574790 80358847433481272
6980678 769479776509975625 557302416885557638
3841803 793286923737529583 490226379913565598
5158746 773562470619196919 564648434873179980
4420167 975497755926967109 695280353447346038
4238573 770967068324810565 952262277978336680
784811 821316585349613150 387538478758843203
8933915 588728970678560990 51789584238887559
8584604 534294245830409613 743862692648637160
4517915 36645967173083912 817347234513065713
9802142 349122651161632921 741524708768422668
4991254 135594699204216490 415792718976942104
1085836 805378724018293900 876149444209954470
8954142 248962723100818562 503801493424979731
1199023 717790294234251376 199492934632150516
7916011 957535806733643719 656532373161774640
6086606 815293094154868410 190605158920356366
5389231 763040506696004220 212297132288300987
1183720 488944728952236291 78433485483819419
3994874 323504217501621037 471189387557857329
4451477 4826720886639551 355569194514877845
755329 478371000156441374 725030550689416509
6451864 966989874439231915 905450462986678468
1028927 359484933945277486 827676683374366839
7893917 454702970272966183 600109361593538752
2604303 276415004320733411 274647977553388596
1525642 922447650533188990 22376522764722821
6090404 604072960392717064 214627025817800903
7061067 423803980623081965 539379848512514702
51495 199943253574770679 541544595399869613
2773923 107405018155561990 317315590083600793
