96
14624154 430
71439903 156
1206521 110
55544134 389
42953408 245
61298663 413
89664752 309
58251210 180
84049674 14
17980338 357
63736087 386
46631342 382
1898399 47
97061579 399
96087361 171
24104620 75
54786982 69
55228533 347
55081369 207
52366037 446
66891641 230
81568684 206
7961983 39
71212074 425
15901090 310
53649535 456
66117076 91
80026231 174
36388441 175
43326450 225
17580996 54
14876084 317
94221858 432
52672787 452
96888251 129
26559381 333
96365253 260
99638208 384
68536456 246
12869316 472
98159154 395
23191663 234
27057407 458
68075585 11
86217648 419
18134501 435
57646561 305
83146090 39
81764506 373
67289988 269
91200522 471
76448954 384
63028124 321
55616099 378
44561683 72
38726051 418
7923454 366
24490071 138
98554358 418
84898698 449
92415923 135
92814252 197
24042738 359
69612808 250
43794894 43
24670847 298
55946465 136
38248134 269
14064350 278
45969467 148
91198052 372
44832193 179
99735255 366
68403895 269
14795479 198
44595014 170
94026866 380
3213307 4
62499036 297
74127157 275
32184830 406
83800094 364
12239734 418
78067943 9
98030475 489
60426256 457
7128551 429
4034636 339
13906529 496
90566650 170
10222634 291
24076666 284
66690532 281
8062273 268
15318427 499
12605700 203
