3
211002212200111
121221112210102
221102021100211
121211022002102
100002022020221
022002012101102
220202000122022
212000220001111
111221210122111
201210121210021
011010202021101
102222120111012
212112020201202
110020012122011
202102111011221
020100202222111
020211021011220
000011010211212
111100200021211
020001110000012
220200200022001
210202200112120
210201122011222
111000102002212
100202112100022
000010102000001
020200210210101
121112220012101
221022011221100
121200002110220
000000000000000
000000000000000
000000000000000
000000000000000
020000000000000
000000000000000
000000000000000
000000000000010
000000000000000
000000000000000
000000000000000
000000000000000
000000000000000
001000000200000
002000100000000
